Locus	Chromosome	Allele	Q1	Q2	AverageCoverage	CoverageFirstDecile	MinimumCoverage	proportionkMersCovered	LocusAvgColumnError	NColumns_UnaccountedAllele_fGT0.2	perfectG
A	1	A*03:01:01G	1	-146	59.5023	41	26	1	0.00375756	0	1
A	2	A*11:01:01G	1	-146	59.5023	41	26	1	0.00375756	0	1
B	1	B*27:05:02G	1	-11	43.4248	32	24	1	0.000366823	0	1
B	2	B*39:01:01G	1	-11	43.4248	32	24	1	0.000366823	0	1
C	1	C*02:02:02G	1	-6	60.4412	36	27	1	8.45571e-05	0	1
C	2	C*07:02:01G	1	-6	60.4412	36	27	1	8.45571e-05	0	1
DQA1	1	DQA1*01:01:01G	1	-0	78.3414	50	36	1	0	0	1
DQA1	2	DQA1*01:02:01G	1	-0	78.3414	50	36	1	0	0	1
DQB1	1	DQB1*05:01:01G	1	-2	29.3815	22	20	1	0.000252111	0	1
DQB1	2	DQB1*05:02:01G	1	-2	29.3815	22	20	1	0.000252111	0	1
DRB1	1	DRB1*01:01:01G	1	-167	49.7818	26	21	1	0.00745069	0	1
DRB1	2	DRB1*15:96	0.999946	-167	49.7818	26	21	1	0.00745069	0	1
